62768
62768
65648
69344
72224
72720
71920
69345
68212
67432
67313
68160
68805
68309
67349
66581
65906
66035
63280
59328
57645
57393
60606
63846
66219
66600
67215
68160
67640
69224
69932
69692
69823
69694
69694
68974
67654
67654
66421
65629
64740
64611
63879
63738
64669
63329
62510
62998
62738
62738
63125
63972
64347
68784
75092
79404
79900
77173
74485
70954
69898
71095
73695
74487
75720
75468
76153
76153
76153
71968
65533
61876
61749
65141
68561
71288
74500
77923
79354
78689
75296
72748
69643
70447
70320
70068
69943
69163
69683
70398
70023
70023
67456
62592
60025
60025
62185
65378
67411
66111
66238
66619
67264
67645
67512
65517
65765
65765
64997
65493
65100
65229
64854
60365
56396
52796
48700
44475
39986
35761
31405
27924
23955
19859
16138
12042
7946
3721
